session_date,year,entry_time,is_flat
2013-01-07,2013,2013-01-07 14:18:00+00:00,False
2013-01-10,2013,2013-01-10 12:57:00+00:00,False
2013-01-10,2013,2013-01-10 13:24:00+00:00,False
2013-01-14,2013,2013-01-14 01:58:00+00:00,False
2013-01-14,2013,2013-01-14 12:47:00+00:00,False
2013-01-15,2013,2013-01-15 14:34:00+00:00,False
2013-01-18,2013,2013-01-18 12:04:00+00:00,False
2013-02-01,2013,2013-02-01 13:47:00+00:00,False
2013-02-08,2013,2013-02-08 14:30:00+00:00,False
2013-02-11,2013,2013-02-11 09:50:00+00:00,False
2013-02-13,2013,2013-02-13 14:59:00+00:00,False
2013-02-14,2013,2013-02-14 10:31:00+00:00,False
2013-02-25,2013,2013-02-25 08:12:00+00:00,False
2013-03-01,2013,2013-03-01 11:20:00+00:00,False
2013-03-05,2013,2013-03-05 09:02:00+00:00,False
2013-03-05,2013,2013-03-05 14:39:00+00:00,False
2013-03-08,2013,2013-03-08 13:30:00+00:00,False
2013-03-14,2013,2013-03-14 12:17:00+00:00,False
2013-03-15,2013,2013-03-15 13:54:00+00:00,False
2013-03-20,2013,2013-03-20 12:15:00+00:00,False
2013-03-22,2013,2013-03-22 13:33:00+00:00,False
2013-03-25,2013,2013-03-24 23:48:00+00:00,False
2013-03-25,2013,2013-03-25 10:08:00+00:00,False
2013-04-05,2013,2013-04-05 12:30:00+00:00,False
2013-04-12,2013,2013-04-12 12:15:00+00:00,False
2013-04-17,2013,2013-04-17 13:38:00+00:00,False
2013-04-23,2013,2013-04-23 13:31:00+00:00,False
2013-04-25,2013,2013-04-25 12:30:00+00:00,False
2013-04-29,2013,2013-04-29 13:47:00+00:00,False
2013-05-06,2013,2013-05-06 13:34:00+00:00,False
2013-05-09,2013,2013-05-09 01:26:00+00:00,False
2013-05-23,2013,2013-05-23 06:17:00+00:00,False
2013-05-23,2013,2013-05-23 08:30:00+00:00,False
2013-05-30,2013,2013-05-30 13:47:00+00:00,False
2013-06-04,2013,2013-06-04 13:34:00+00:00,False
2013-06-07,2013,2013-06-07 12:30:00+00:00,False
2013-06-11,2013,2013-06-11 03:13:00+00:00,False
2013-06-17,2013,2013-06-17 09:36:00+00:00,False
2013-06-20,2013,2013-06-20 00:19:00+00:00,False
2013-06-25,2013,2013-06-25 13:15:00+00:00,False
2013-06-27,2013,2013-06-27 02:10:00+00:00,False
2013-06-27,2013,2013-06-27 12:31:00+00:00,False
2013-06-27,2013,2013-06-27 13:48:00+00:00,False
2013-06-28,2013,2013-06-28 13:15:00+00:00,False
2013-07-01,2013,2013-07-01 13:56:00+00:00,False
2013-07-03,2013,2013-07-03 07:07:00+00:00,False
2013-07-08,2013,2013-07-08 07:34:00+00:00,False
2013-07-10,2013,2013-07-10 13:48:00+00:00,False
2013-07-16,2013,2013-07-16 13:30:00+00:00,False
2013-07-17,2013,2013-07-17 13:40:00+00:00,False
2013-07-22,2013,2013-07-22 01:04:00+00:00,False
2013-07-30,2013,2013-07-30 12:49:00+00:00,False
2013-08-06,2013,2013-08-06 13:54:00+00:00,False
2013-08-08,2013,2013-08-08 11:13:00+00:00,False
2013-08-13,2013,2013-08-13 09:00:00+00:00,False
2013-08-15,2013,2013-08-15 11:42:00+00:00,False
2013-08-15,2013,2013-08-15 13:33:00+00:00,False
2013-08-22,2013,2013-08-21 23:57:00+00:00,False
2013-08-23,2013,2013-08-23 01:32:00+00:00,False
2013-08-27,2013,2013-08-27 07:50:00+00:00,False
2013-09-06,2013,2013-09-06 12:31:00+00:00,False
2013-09-06,2013,2013-09-06 13:46:00+00:00,False
2013-09-26,2013,2013-09-26 13:49:00+00:00,False
2013-09-30,2013,2013-09-30 00:28:00+00:00,False
2013-09-30,2013,2013-09-30 12:34:00+00:00,False
2013-10-10,2013,2013-10-10 13:37:00+00:00,False
2013-10-16,2013,2013-10-16 13:56:00+00:00,False
2013-10-22,2013,2013-10-22 12:30:00+00:00,False
2013-10-25,2013,2013-10-25 11:19:00+00:00,False
2013-10-30,2013,2013-10-30 13:51:00+00:00,False
2013-11-05,2013,2013-11-05 14:32:00+00:00,False
2013-11-06,2013,2013-11-06 04:30:00+00:00,False
2013-11-13,2013,2013-11-13 13:33:00+00:00,False
2013-11-18,2013,2013-11-18 14:27:00+00:00,False
2013-11-22,2013,2013-11-22 08:13:00+00:00,False
2013-12-03,2013,2013-12-03 14:47:00+00:00,False
2013-12-04,2013,2013-12-04 14:05:00+00:00,False
2013-12-06,2013,2013-12-06 13:30:00+00:00,False
2013-12-06,2013,2013-12-06 13:46:00+00:00,False
2013-12-11,2013,2013-12-11 14:50:00+00:00,False
2013-12-16,2013,2013-12-16 03:08:00+00:00,False
2013-12-16,2013,2013-12-16 14:52:00+00:00,False
2013-12-20,2013,2013-12-20 14:49:00+00:00,False
2013-12-24,2013,2013-12-24 14:31:00+00:00,False
2013-12-27,2013,2013-12-27 14:30:00+00:00,False
2013-12-30,2013,2013-12-30 14:37:00+00:00,False
2014-01-02,2014,2014-01-02 14:40:00+00:00,False
2014-01-09,2014,2014-01-09 09:18:00+00:00,False
2014-01-15,2014,2014-01-15 08:24:00+00:00,False
2014-01-15,2014,2014-01-15 11:45:00+00:00,False
2014-01-15,2014,2014-01-15 14:10:00+00:00,False
2014-01-17,2014,2014-01-17 14:55:00+00:00,False
2014-01-21,2014,2014-01-21 05:01:00+00:00,False
2014-01-22,2014,2014-01-22 04:42:00+00:00,False
2014-01-23,2014,2014-01-23 14:00:00+00:00,False
2014-01-24,2014,2014-01-24 14:44:00+00:00,False
2014-01-29,2014,2014-01-29 14:37:00+00:00,False
2014-01-30,2014,2014-01-30 14:00:00+00:00,False
2014-01-31,2014,2014-01-31 11:38:00+00:00,False
2014-02-06,2014,2014-02-06 14:50:00+00:00,False
2014-02-07,2014,2014-02-07 06:16:00+00:00,False
2014-02-10,2014,2014-02-10 14:48:00+00:00,False
2014-02-13,2014,2014-02-13 05:27:00+00:00,False
2014-02-20,2014,2014-02-20 01:48:00+00:00,False
2014-02-21,2014,2014-02-21 02:52:00+00:00,False
2014-02-24,2014,2014-02-24 14:50:00+00:00,False
2014-02-28,2014,2014-02-28 14:39:00+00:00,False
2014-03-03,2014,2014-03-03 00:27:00+00:00,False
2014-03-04,2014,2014-03-04 06:04:00+00:00,False
2014-03-07,2014,2014-03-07 13:42:00+00:00,False
2014-03-07,2014,2014-03-07 14:50:00+00:00,False
2014-03-14,2014,2014-03-14 13:59:00+00:00,False
2014-03-17,2014,2014-03-17 13:40:00+00:00,False
2014-03-21,2014,2014-03-21 06:23:00+00:00,False
2014-03-24,2014,2014-03-24 13:40:00+00:00,False
2014-04-01,2014,2014-04-01 13:33:00+00:00,False
2014-04-01,2014,2014-04-01 13:46:00+00:00,False
2014-04-02,2014,2014-04-02 01:14:00+00:00,False
2014-04-02,2014,2014-04-02 13:29:00+00:00,False
2014-04-07,2014,2014-04-07 06:38:00+00:00,False
2014-04-09,2014,2014-04-09 08:48:00+00:00,False
2014-04-11,2014,2014-04-11 11:02:00+00:00,False
2014-04-17,2014,2014-04-17 13:42:00+00:00,False
2014-04-22,2014,2014-04-22 13:18:00+00:00,False
2014-04-24,2014,2014-04-24 10:16:00+00:00,False
2014-05-01,2014,2014-05-01 07:52:00+00:00,False
2014-05-01,2014,2014-05-01 08:41:00+00:00,False
2014-05-05,2014,2014-05-05 08:51:00+00:00,False
2014-05-06,2014,2014-05-06 09:07:00+00:00,False
2014-05-07,2014,2014-05-07 13:59:00+00:00,False
2014-05-12,2014,2014-05-12 10:30:00+00:00,False
2014-05-12,2014,2014-05-12 13:47:00+00:00,False
2014-05-15,2014,2014-05-15 13:45:00+00:00,False
2014-05-27,2014,2014-05-27 08:53:00+00:00,False
2014-06-23,2014,2014-06-23 01:45:00+00:00,False
2014-06-24,2014,2014-06-24 13:36:00+00:00,False
2014-06-24,2014,2014-06-24 13:45:00+00:00,False
2014-06-30,2014,2014-06-30 13:35:00+00:00,False
2014-07-03,2014,2014-07-03 12:27:00+00:00,False
2014-07-07,2014,2014-07-07 06:26:00+00:00,False
2014-07-08,2014,2014-07-08 13:37:00+00:00,False
2014-07-08,2014,2014-07-08 13:51:00+00:00,False
2014-07-10,2014,2014-07-10 12:51:00+00:00,False
2014-07-14,2014,2014-07-14 09:14:00+00:00,False
2014-07-22,2014,2014-07-22 09:43:00+00:00,False
2014-07-22,2014,2014-07-22 11:41:00+00:00,False
2014-07-22,2014,2014-07-22 13:52:00+00:00,False
2014-07-23,2014,2014-07-23 11:41:00+00:00,False
2014-07-24,2014,2014-07-24 01:45:00+00:00,False
2014-07-25,2014,2014-07-25 13:33:00+00:00,False
2014-07-29,2014,2014-07-29 13:48:00+00:00,False
2014-07-31,2014,2014-07-31 08:00:00+00:00,False
2014-08-01,2014,2014-08-01 08:25:00+00:00,False
2014-08-11,2014,2014-08-11 13:55:00+00:00,False
2014-08-13,2014,2014-08-13 10:47:00+00:00,False
2014-08-15,2014,2014-08-15 13:28:00+00:00,False
2014-08-18,2014,2014-08-18 07:18:00+00:00,False
2014-08-19,2014,2014-08-19 05:07:00+00:00,False
2014-08-25,2014,2014-08-25 03:07:00+00:00,True
2014-08-28,2014,2014-08-28 09:56:00+00:00,False
2014-08-29,2014,2014-08-29 07:38:00+00:00,False
2014-08-29,2014,2014-08-29 07:46:00+00:00,False
2014-09-02,2014,2014-09-02 02:10:00+00:00,True
2014-09-02,2014,2014-09-02 08:11:00+00:00,True
2014-09-03,2014,2014-09-03 08:00:00+00:00,False
2014-09-05,2014,2014-09-05 10:00:00+00:00,True
2014-09-08,2014,2014-09-08 13:32:00+00:00,False
2014-09-15,2014,2014-09-15 13:49:00+00:00,False
2014-09-19,2014,2014-09-19 01:29:00+00:00,True
2014-09-30,2014,2014-09-30 09:01:00+00:00,False
2014-10-01,2014,2014-10-01 13:50:00+00:00,True
2014-10-03,2014,2014-10-03 12:32:00+00:00,True
2014-10-09,2014,2014-10-09 08:01:00+00:00,True
2014-10-10,2014,2014-10-10 10:19:00+00:00,False
2014-10-15,2014,2014-10-15 12:48:00+00:00,False
2014-10-16,2014,2014-10-16 10:41:00+00:00,False
2014-10-21,2014,2014-10-21 13:35:00+00:00,False
2014-10-27,2014,2014-10-26 23:26:00+00:00,False
2014-10-28,2014,2014-10-28 07:00:00+00:00,False
2014-10-28,2014,2014-10-28 08:16:00+00:00,False
2014-10-28,2014,2014-10-28 13:50:00+00:00,False
2014-10-31,2014,2014-10-31 04:50:00+00:00,False
2014-11-05,2014,2014-11-05 13:55:00+00:00,False
2014-11-07,2014,2014-11-07 04:36:00+00:00,False
2014-11-13,2014,2014-11-13 06:16:00+00:00,False
2014-11-18,2014,2014-11-18 14:45:00+00:00,False
2014-11-21,2014,2014-11-21 06:04:00+00:00,False
2014-11-21,2014,2014-11-21 10:32:00+00:00,False
2014-11-25,2014,2014-11-25 14:38:00+00:00,False
2014-12-01,2014,2014-12-01 14:43:00+00:00,False
2014-12-04,2014,2014-12-04 14:47:00+00:00,False
2014-12-08,2014,2014-12-08 10:15:00+00:00,False
2014-12-09,2014,2014-12-09 12:42:00+00:00,False
2014-12-12,2014,2014-12-12 09:04:00+00:00,False
2014-12-23,2014,2014-12-23 13:33:00+00:00,False
2015-01-08,2015,2015-01-08 01:37:00+00:00,False
2015-01-08,2015,2015-01-08 14:40:00+00:00,True
2015-01-15,2015,2015-01-15 06:04:00+00:00,True
2015-01-16,2015,2015-01-16 02:32:00+00:00,False
2015-01-22,2015,2015-01-22 13:40:00+00:00,False
2015-01-27,2015,2015-01-27 12:43:00+00:00,False
2015-01-28,2015,2015-01-28 04:07:00+00:00,True
2015-01-29,2015,2015-01-29 14:46:00+00:00,True
2015-02-03,2015,2015-02-03 14:46:00+00:00,True
2015-02-06,2015,2015-02-06 08:07:00+00:00,False
2015-02-10,2015,2015-02-10 12:10:00+00:00,False
2015-02-11,2015,2015-02-11 14:33:00+00:00,False
2015-02-13,2015,2015-02-13 05:05:00+00:00,False
2015-02-19,2015,2015-02-19 12:01:00+00:00,False
2015-02-19,2015,2015-02-19 14:57:00+00:00,False
2015-02-20,2015,2015-02-20 10:51:00+00:00,False
2015-03-02,2015,2015-03-02 14:54:00+00:00,False
2015-03-04,2015,2015-03-04 14:43:00+00:00,False
2015-03-10,2015,2015-03-10 10:19:00+00:00,False
2015-03-10,2015,2015-03-10 12:01:00+00:00,False
2015-03-10,2015,2015-03-10 13:46:00+00:00,False
2015-03-20,2015,2015-03-20 08:03:00+00:00,False
2015-03-20,2015,2015-03-20 11:52:00+00:00,False
2015-03-25,2015,2015-03-25 13:40:00+00:00,True
2015-03-26,2015,2015-03-26 08:07:00+00:00,True
2015-03-26,2015,2015-03-26 09:21:00+00:00,True
2015-03-30,2015,2015-03-30 02:42:00+00:00,True
2015-04-01,2015,2015-04-01 00:56:00+00:00,True
2015-04-03,2015,2015-04-03 13:00:00+00:00,True
2015-04-09,2015,2015-04-09 13:33:00+00:00,True
2015-04-10,2015,2015-04-10 10:46:00+00:00,True
2015-04-14,2015,2015-04-14 09:22:00+00:00,True
2015-04-17,2015,2015-04-17 10:05:00+00:00,True
2015-04-17,2015,2015-04-17 13:45:00+00:00,True
2015-04-21,2015,2015-04-21 07:17:00+00:00,True
2015-04-22,2015,2015-04-22 08:07:00+00:00,True
2015-04-27,2015,2015-04-27 07:05:00+00:00,True
2015-05-04,2015,2015-05-04 13:43:00+00:00,True
2015-05-05,2015,2015-05-05 12:38:00+00:00,True
2015-05-07,2015,2015-05-07 09:15:00+00:00,True
2015-05-08,2015,2015-05-08 06:16:00+00:00,True
2015-05-12,2015,2015-05-12 02:11:00+00:00,True
2015-05-12,2015,2015-05-12 07:18:00+00:00,True
2015-05-13,2015,2015-05-13 07:45:00+00:00,True
2015-05-19,2015,2015-05-19 07:06:00+00:00,True
2015-05-20,2015,2015-05-20 13:35:00+00:00,True
2015-05-26,2015,2015-05-26 07:41:00+00:00,True
2015-06-03,2015,2015-06-03 11:49:00+00:00,True
2015-06-04,2015,2015-06-04 07:40:00+00:00,True
2015-06-05,2015,2015-06-05 12:30:00+00:00,True
2015-06-05,2015,2015-06-05 13:41:00+00:00,True
2015-06-09,2015,2015-06-09 09:54:00+00:00,True
2015-06-11,2015,2015-06-11 13:27:00+00:00,True
2015-06-12,2015,2015-06-12 01:29:00+00:00,True
2015-06-15,2015,2015-06-15 13:30:00+00:00,True
2015-06-16,2015,2015-06-16 13:39:00+00:00,True
2015-06-18,2015,2015-06-18 13:29:00+00:00,True
2015-06-19,2015,2015-06-19 08:40:00+00:00,True
2015-07-01,2015,2015-07-01 09:10:00+00:00,True
2015-07-07,2015,2015-07-07 05:26:00+00:00,True
2015-07-07,2015,2015-07-07 07:15:00+00:00,True
2015-07-13,2015,2015-07-13 06:48:00+00:00,True
2015-07-13,2015,2015-07-13 13:37:00+00:00,True
2015-07-14,2015,2015-07-14 06:01:00+00:00,True
2015-07-16,2015,2015-07-16 02:50:00+00:00,True
2015-07-16,2015,2015-07-16 08:34:00+00:00,True
2015-07-22,2015,2015-07-22 12:02:00+00:00,True
2015-07-27,2015,2015-07-27 10:48:00+00:00,True
2015-07-29,2015,2015-07-29 07:29:00+00:00,True
2015-08-03,2015,2015-08-03 07:30:00+00:00,True
2015-08-05,2015,2015-08-05 12:25:00+00:00,True
2015-08-05,2015,2015-08-05 13:54:00+00:00,True
2015-08-10,2015,2015-08-10 13:30:00+00:00,True
2015-08-12,2015,2015-08-12 07:36:00+00:00,True
2015-08-17,2015,2015-08-17 07:01:00+00:00,True
2015-08-18,2015,2015-08-18 00:56:00+00:00,True
2015-08-19,2015,2015-08-19 06:00:00+00:00,True
2015-08-20,2015,2015-08-20 08:48:00+00:00,True
2015-08-27,2015,2015-08-27 07:26:00+00:00,True
2015-09-01,2015,2015-08-31 23:51:00+00:00,True
2015-09-01,2015,2015-09-01 00:31:00+00:00,True
2015-09-04,2015,2015-09-04 00:18:00+00:00,True
2015-09-07,2015,2015-09-07 01:34:00+00:00,True
2015-09-08,2015,2015-09-08 07:15:00+00:00,True
2015-09-09,2015,2015-09-09 01:50:00+00:00,True
2015-09-09,2015,2015-09-09 07:21:00+00:00,True
2015-09-18,2015,2015-09-18 10:28:00+00:00,True
2015-09-18,2015,2015-09-18 13:17:00+00:00,True
2015-09-22,2015,2015-09-22 09:56:00+00:00,True
2015-09-24,2015,2015-09-24 11:10:00+00:00,True
2015-09-25,2015,2015-09-25 06:22:00+00:00,True
2015-09-25,2015,2015-09-25 08:54:00+00:00,True
2015-09-28,2015,2015-09-28 10:37:00+00:00,True
2015-09-28,2015,2015-09-28 13:49:00+00:00,True
2015-10-01,2015,2015-10-01 02:24:00+00:00,True
2015-10-09,2015,2015-10-09 04:41:00+00:00,True
2015-10-14,2015,2015-10-14 00:46:00+00:00,True
2015-10-19,2015,2015-10-19 07:33:00+00:00,True
2015-10-22,2015,2015-10-22 13:50:00+00:00,True
2015-10-30,2015,2015-10-30 01:56:00+00:00,True
2015-11-10,2015,2015-11-10 14:44:00+00:00,True
2015-11-11,2015,2015-11-11 12:42:00+00:00,True
2015-11-12,2015,2015-11-12 14:09:00+00:00,True
2015-11-13,2015,2015-11-13 11:10:00+00:00,False
2015-11-20,2015,2015-11-20 14:45:00+00:00,False
2015-11-24,2015,2015-11-24 08:51:00+00:00,True
2015-11-27,2015,2015-11-27 06:41:00+00:00,True
2015-12-01,2015,2015-12-01 14:50:00+00:00,True
2015-12-02,2015,2015-12-02 06:25:00+00:00,False
2015-12-02,2015,2015-12-02 14:41:00+00:00,False
2015-12-11,2015,2015-12-11 12:40:00+00:00,False
2015-12-11,2015,2015-12-11 14:52:00+00:00,False
2015-12-15,2015,2015-12-15 09:31:00+00:00,False
2015-12-17,2015,2015-12-17 09:45:00+00:00,False
2015-12-18,2015,2015-12-18 00:42:00+00:00,False
2015-12-23,2015,2015-12-23 12:08:00+00:00,False
2015-12-28,2015,2015-12-28 12:19:00+00:00,False
2015-12-29,2015,2015-12-29 08:21:00+00:00,False
2015-12-29,2015,2015-12-29 13:32:00+00:00,False
2015-12-31,2015,2015-12-31 12:29:00+00:00,False
2018-01-03,2018,2018-01-03 09:06:00+00:00,False
2018-01-04,2018,2018-01-04 00:09:00+00:00,False
2018-01-09,2018,2018-01-09 13:26:00+00:00,False
2018-01-10,2018,2018-01-10 10:59:00+00:00,False
2018-01-12,2018,2018-01-12 08:25:00+00:00,False
2018-01-16,2018,2018-01-16 10:23:00+00:00,False
2018-01-30,2018,2018-01-30 03:52:00+00:00,False
2018-02-02,2018,2018-02-02 09:21:00+00:00,False
2018-02-12,2018,2018-02-12 14:44:00+00:00,True
2018-02-14,2018,2018-02-14 07:34:00+00:00,False
2018-02-20,2018,2018-02-20 10:04:00+00:00,False
2018-03-02,2018,2018-03-02 13:01:00+00:00,False
2018-03-02,2018,2018-03-02 14:44:00+00:00,False
2018-03-08,2018,2018-03-08 07:11:00+00:00,False
2018-03-08,2018,2018-03-08 14:08:00+00:00,False
2018-03-09,2018,2018-03-09 00:00:00+00:00,False
2018-03-09,2018,2018-03-09 01:09:00+00:00,False
2018-03-09,2018,2018-03-09 13:36:00+00:00,False
2018-03-13,2018,2018-03-13 13:42:00+00:00,False
2018-03-15,2018,2018-03-15 01:10:00+00:00,False
2018-03-19,2018,2018-03-19 00:59:00+00:00,False
2018-03-19,2018,2018-03-19 05:09:00+00:00,False
2018-03-22,2018,2018-03-22 07:59:00+00:00,False
2018-03-22,2018,2018-03-22 10:50:00+00:00,False
2018-03-27,2018,2018-03-27 00:01:00+00:00,False
2018-04-10,2018,2018-04-10 02:42:00+00:00,False
2018-04-12,2018,2018-04-12 13:59:00+00:00,False
2018-04-17,2018,2018-04-17 06:19:00+00:00,False
2018-04-17,2018,2018-04-17 10:13:00+00:00,False
2018-04-20,2018,2018-04-20 07:30:00+00:00,False
2018-04-27,2018,2018-04-27 12:47:00+00:00,False
2018-05-07,2018,2018-05-07 04:30:00+00:00,False
2018-05-15,2018,2018-05-15 12:39:00+00:00,False
2018-05-15,2018,2018-05-15 13:55:00+00:00,False
2018-05-23,2018,2018-05-23 01:51:00+00:00,False
2018-05-23,2018,2018-05-23 03:06:00+00:00,False
2018-05-23,2018,2018-05-23 07:24:00+00:00,False
2018-05-23,2018,2018-05-23 09:42:00+00:00,False
2018-05-24,2018,2018-05-24 07:19:00+00:00,False
2018-05-25,2018,2018-05-25 01:33:00+00:00,False
2018-05-29,2018,2018-05-29 06:47:00+00:00,False
2018-05-29,2018,2018-05-29 08:32:00+00:00,False
2018-06-01,2018,2018-06-01 13:55:00+00:00,False
2018-06-04,2018,2018-06-04 00:18:00+00:00,False
2018-06-05,2018,2018-06-05 08:00:00+00:00,False
2018-06-07,2018,2018-06-07 06:32:00+00:00,False
2018-06-08,2018,2018-06-08 08:10:00+00:00,False
2018-06-11,2018,2018-06-11 13:46:00+00:00,False
2018-06-13,2018,2018-06-13 00:23:00+00:00,False
2018-06-18,2018,2018-06-18 13:34:00+00:00,False
2018-06-19,2018,2018-06-19 01:55:00+00:00,False
2018-06-19,2018,2018-06-19 07:07:00+00:00,False
2018-06-20,2018,2018-06-20 00:02:00+00:00,False
2018-06-20,2018,2018-06-20 12:54:00+00:00,False
2018-06-21,2018,2018-06-21 01:57:00+00:00,False
2018-06-25,2018,2018-06-25 09:03:00+00:00,False
2018-06-29,2018,2018-06-29 02:36:00+00:00,False
2018-07-02,2018,2018-07-02 06:24:00+00:00,False
2018-07-03,2018,2018-07-03 11:36:00+00:00,False
2018-07-06,2018,2018-07-06 05:32:00+00:00,False
2018-07-09,2018,2018-07-09 00:08:00+00:00,False
2018-07-10,2018,2018-07-10 00:54:00+00:00,False
2018-07-13,2018,2018-07-13 03:46:00+00:00,False
2018-07-23,2018,2018-07-23 01:00:00+00:00,False
2018-07-24,2018,2018-07-23 23:52:00+00:00,False
2018-07-24,2018,2018-07-24 01:45:00+00:00,False
2018-07-24,2018,2018-07-24 13:36:00+00:00,False
2018-07-30,2018,2018-07-30 13:44:00+00:00,False
2018-08-07,2018,2018-08-07 03:02:00+00:00,False
2018-08-07,2018,2018-08-07 13:35:00+00:00,False
2018-08-10,2018,2018-08-10 10:04:00+00:00,False
2018-08-17,2018,2018-08-17 12:08:00+00:00,False
2018-08-22,2018,2018-08-21 23:14:00+00:00,False
2018-08-23,2018,2018-08-23 13:42:00+00:00,False
2018-08-23,2018,2018-08-23 13:53:00+00:00,False
2018-08-27,2018,2018-08-26 23:44:00+00:00,False
2018-08-27,2018,2018-08-27 13:30:00+00:00,False
2018-08-29,2018,2018-08-29 02:28:00+00:00,False
2018-09-04,2018,2018-09-04 11:41:00+00:00,False
2018-09-04,2018,2018-09-04 13:39:00+00:00,False
2018-09-07,2018,2018-09-07 13:00:00+00:00,False
2018-09-12,2018,2018-09-12 07:47:00+00:00,False
2018-09-13,2018,2018-09-13 13:32:00+00:00,False
2018-09-14,2018,2018-09-14 06:25:00+00:00,False
2018-09-17,2018,2018-09-17 13:36:00+00:00,False
2018-09-20,2018,2018-09-20 13:43:00+00:00,False
2018-09-21,2018,2018-09-21 06:47:00+00:00,False
2018-09-24,2018,2018-09-24 13:31:00+00:00,False
2018-10-01,2018,2018-09-30 23:08:00+00:00,False
2018-10-01,2018,2018-10-01 02:17:00+00:00,False
2018-10-02,2018,2018-10-02 08:46:00+00:00,False
2018-10-04,2018,2018-10-04 01:36:00+00:00,False
2018-10-04,2018,2018-10-04 13:40:00+00:00,False
2018-10-10,2018,2018-10-10 13:50:00+00:00,False
2018-10-23,2018,2018-10-23 09:17:00+00:00,False
2018-10-23,2018,2018-10-23 13:30:00+00:00,False
2018-10-26,2018,2018-10-26 09:25:00+00:00,False
2018-10-31,2018,2018-10-31 08:37:00+00:00,False
2018-11-02,2018,2018-11-02 05:04:00+00:00,False
2018-11-05,2018,2018-11-05 14:44:00+00:00,False
2018-11-07,2018,2018-11-07 08:20:00+00:00,False
2018-11-09,2018,2018-11-09 11:37:00+00:00,False
2018-11-12,2018,2018-11-12 14:32:00+00:00,False
2018-11-13,2018,2018-11-13 00:44:00+00:00,False
2018-11-20,2018,2018-11-20 13:40:00+00:00,False
2018-11-21,2018,2018-11-21 14:31:00+00:00,False
2018-11-23,2018,2018-11-23 13:43:00+00:00,False
2018-11-26,2018,2018-11-26 08:15:00+00:00,False
2018-11-28,2018,2018-11-28 06:10:00+00:00,False
2018-12-11,2018,2018-12-11 10:53:00+00:00,False
2018-12-14,2018,2018-12-14 02:06:00+00:00,False
2018-12-17,2018,2018-12-17 14:53:00+00:00,False
2018-12-28,2018,2018-12-28 04:30:00+00:00,False
2019-01-02,2019,2019-01-02 08:03:00+00:00,False
2019-01-02,2019,2019-01-02 08:22:00+00:00,False
2019-01-07,2019,2019-01-07 00:03:00+00:00,False
2019-01-15,2019,2019-01-15 14:36:00+00:00,False
2019-01-16,2019,2019-01-16 14:33:00+00:00,False
2019-01-16,2019,2019-01-16 14:46:00+00:00,False
2019-01-17,2019,2019-01-17 08:16:00+00:00,False
2019-01-18,2019,2019-01-18 14:28:00+00:00,False
2019-01-28,2019,2019-01-28 14:33:00+00:00,False
2019-02-07,2019,2019-02-07 14:30:00+00:00,False
2019-02-13,2019,2019-02-13 00:12:00+00:00,False
2019-02-13,2019,2019-02-13 06:18:00+00:00,False
2019-02-14,2019,2019-02-14 14:31:00+00:00,False
2019-02-15,2019,2019-02-15 14:28:00+00:00,False
2019-02-21,2019,2019-02-21 03:40:00+00:00,False
2019-02-21,2019,2019-02-21 14:45:00+00:00,False
2019-02-25,2019,2019-02-25 11:24:00+00:00,False
2019-02-25,2019,2019-02-25 13:47:00+00:00,False
2019-02-26,2019,2019-02-26 01:28:00+00:00,False
2019-03-07,2019,2019-03-07 00:05:00+00:00,False
2019-03-07,2019,2019-03-07 07:04:00+00:00,False
2019-03-07,2019,2019-03-07 14:52:00+00:00,False
2019-03-08,2019,2019-03-08 13:30:00+00:00,False
2019-03-13,2019,2019-03-13 12:00:00+00:00,False
2019-03-15,2019,2019-03-15 13:56:00+00:00,False
2019-03-18,2019,2019-03-18 13:58:00+00:00,False
2019-03-25,2019,2019-03-25 00:24:00+00:00,False
2019-03-26,2019,2019-03-26 13:57:00+00:00,False
2019-04-01,2019,2019-03-31 23:05:00+00:00,False
2019-04-03,2019,2019-04-03 01:45:00+00:00,False
2019-04-11,2019,2019-04-10 23:42:00+00:00,False
2019-04-17,2019,2019-04-17 01:59:00+00:00,False
2019-04-17,2019,2019-04-17 12:03:00+00:00,False
2019-04-17,2019,2019-04-17 13:23:00+00:00,False
2019-04-23,2019,2019-04-23 13:44:00+00:00,False
2019-04-26,2019,2019-04-26 13:43:00+00:00,False
2019-04-30,2019,2019-04-30 01:00:00+00:00,False
2019-05-09,2019,2019-05-09 06:52:00+00:00,False
2019-05-09,2019,2019-05-09 13:43:00+00:00,False
2019-05-10,2019,2019-05-10 00:24:00+00:00,False
2019-05-13,2019,2019-05-13 12:14:00+00:00,False
2019-05-20,2019,2019-05-20 10:14:00+00:00,False
2019-05-23,2019,2019-05-23 06:07:00+00:00,False
2019-05-23,2019,2019-05-23 13:45:00+00:00,False
2019-05-28,2019,2019-05-28 13:39:00+00:00,False
2019-05-29,2019,2019-05-29 00:09:00+00:00,False
2019-05-31,2019,2019-05-31 07:05:00+00:00,False
2019-06-05,2019,2019-06-05 09:27:00+00:00,False
2019-06-07,2019,2019-06-07 08:08:00+00:00,False
2019-06-10,2019,2019-06-10 13:33:00+00:00,False
2019-06-10,2019,2019-06-10 13:42:00+00:00,False
2019-06-11,2019,2019-06-11 12:35:00+00:00,False
2019-06-17,2019,2019-06-17 13:53:00+00:00,False
2019-06-18,2019,2019-06-18 08:18:00+00:00,False
2019-06-18,2019,2019-06-18 13:40:00+00:00,False
2019-06-20,2019,2019-06-20 01:09:00+00:00,False
2019-06-20,2019,2019-06-20 03:49:00+00:00,False
2019-07-01,2019,2019-07-01 07:03:00+00:00,False
2019-07-03,2019,2019-07-03 07:15:00+00:00,False
2019-07-03,2019,2019-07-03 08:55:00+00:00,False
2019-07-05,2019,2019-07-05 12:30:00+00:00,False
2019-07-08,2019,2019-07-08 13:37:00+00:00,False
2019-07-09,2019,2019-07-09 03:23:00+00:00,False
2019-07-10,2019,2019-07-10 12:33:00+00:00,False
2019-07-10,2019,2019-07-10 13:32:00+00:00,False
2019-07-16,2019,2019-07-15 23:54:00+00:00,False
2019-07-23,2019,2019-07-23 12:08:00+00:00,False
2019-07-30,2019,2019-07-30 11:31:00+00:00,False
2019-08-02,2019,2019-08-02 07:50:00+00:00,False
2019-08-05,2019,2019-08-05 01:35:00+00:00,False
2019-08-08,2019,2019-08-08 01:24:00+00:00,False
2019-08-13,2019,2019-08-13 09:30:00+00:00,False
2019-08-13,2019,2019-08-13 13:46:00+00:00,False
2019-08-19,2019,2019-08-19 05:18:00+00:00,False
2019-08-19,2019,2019-08-19 07:03:00+00:00,False
2019-08-23,2019,2019-08-23 12:25:00+00:00,False
2019-08-23,2019,2019-08-23 13:50:00+00:00,False
2019-08-27,2019,2019-08-27 13:06:00+00:00,False
2019-08-29,2019,2019-08-29 07:13:00+00:00,False
2019-08-29,2019,2019-08-29 13:33:00+00:00,False
2019-08-30,2019,2019-08-30 09:30:00+00:00,False
2019-09-05,2019,2019-09-05 00:04:00+00:00,False
2019-09-05,2019,2019-09-05 01:02:00+00:00,False
2019-09-05,2019,2019-09-05 01:37:00+00:00,False
2019-09-05,2019,2019-09-05 13:52:00+00:00,False
2019-09-10,2019,2019-09-10 07:41:00+00:00,False
2019-09-12,2019,2019-09-11 23:22:00+00:00,False
2019-09-12,2019,2019-09-11 23:25:00+00:00,False
2019-09-19,2019,2019-09-19 13:32:00+00:00,False
2019-09-24,2019,2019-09-23 23:02:00+00:00,False
2019-09-25,2019,2019-09-25 08:49:00+00:00,False
2019-10-01,2019,2019-10-01 01:02:00+00:00,False
2019-10-02,2019,2019-10-02 07:10:00+00:00,False
2019-10-02,2019,2019-10-02 08:44:00+00:00,False
2019-10-04,2019,2019-10-04 12:31:00+00:00,False
2019-10-08,2019,2019-10-08 13:39:00+00:00,False
2019-10-11,2019,2019-10-11 08:10:00+00:00,False
2019-10-11,2019,2019-10-11 13:49:00+00:00,False
2019-10-17,2019,2019-10-17 09:31:00+00:00,False
2019-10-22,2019,2019-10-22 13:34:00+00:00,False
2019-10-24,2019,2019-10-24 07:15:00+00:00,False
2019-11-01,2019,2019-11-01 13:54:00+00:00,False
2019-11-04,2019,2019-11-04 02:37:00+00:00,False
2019-11-04,2019,2019-11-04 10:02:00+00:00,False
2019-11-15,2019,2019-11-15 01:15:00+00:00,False
2019-11-15,2019,2019-11-15 13:48:00+00:00,False
2019-11-18,2019,2019-11-18 07:16:00+00:00,False
2019-11-19,2019,2019-11-19 08:23:00+00:00,False
2019-11-20,2019,2019-11-20 08:54:00+00:00,False
2019-11-25,2019,2019-11-25 14:34:00+00:00,False
2019-11-26,2019,2019-11-26 01:46:00+00:00,False
2019-12-02,2019,2019-12-02 14:30:00+00:00,False
2019-12-02,2019,2019-12-02 14:40:00+00:00,False
2019-12-03,2019,2019-12-03 12:45:00+00:00,False
2019-12-03,2019,2019-12-03 14:04:00+00:00,False
2019-12-04,2019,2019-12-04 09:07:00+00:00,False
2019-12-06,2019,2019-12-06 13:41:00+00:00,False
2019-12-10,2019,2019-12-10 08:52:00+00:00,False
2019-12-10,2019,2019-12-10 11:27:00+00:00,True
2019-12-12,2019,2019-12-12 14:38:00+00:00,True
2019-12-13,2019,2019-12-13 10:31:00+00:00,True
2019-12-16,2019,2019-12-16 14:45:00+00:00,True
2019-12-26,2019,2019-12-26 14:45:00+00:00,True
2019-12-30,2019,2019-12-30 14:38:00+00:00,True
2020-01-03,2020,2020-01-03 10:56:00+00:00,True
2020-01-07,2020,2020-01-07 02:23:00+00:00,False
2020-01-08,2020,2020-01-08 00:32:00+00:00,False
2020-01-17,2020,2020-01-17 09:51:00+00:00,False
2020-01-21,2020,2020-01-21 02:35:00+00:00,False
2020-01-22,2020,2020-01-22 02:51:00+00:00,False
2020-01-22,2020,2020-01-22 06:06:00+00:00,False
2020-01-23,2020,2020-01-23 14:35:00+00:00,False
2020-01-24,2020,2020-01-24 08:07:00+00:00,False
2020-01-27,2020,2020-01-27 10:03:00+00:00,False
2020-01-30,2020,2020-01-30 07:06:00+00:00,False
2020-02-04,2020,2020-02-04 08:23:00+00:00,False
2020-02-04,2020,2020-02-04 12:40:00+00:00,False
2020-02-11,2020,2020-02-11 01:45:00+00:00,False
2020-02-14,2020,2020-02-14 03:02:00+00:00,False
2020-02-17,2020,2020-02-17 01:47:00+00:00,False
2020-02-17,2020,2020-02-17 05:41:00+00:00,False
2020-02-19,2020,2020-02-19 12:58:00+00:00,False
2020-02-19,2020,2020-02-19 14:36:00+00:00,False
2020-02-21,2020,2020-02-21 14:49:00+00:00,False
2020-02-24,2020,2020-02-24 02:27:00+00:00,False
2020-02-24,2020,2020-02-24 09:16:00+00:00,False
2020-02-27,2020,2020-02-27 03:58:00+00:00,False
2020-03-02,2020,2020-03-02 01:31:00+00:00,False
2020-03-06,2020,2020-03-06 03:53:00+00:00,False
2020-03-12,2020,2020-03-12 13:30:00+00:00,False
2020-03-20,2020,2020-03-20 07:26:00+00:00,True
2020-03-24,2020,2020-03-24 08:07:00+00:00,False
2020-03-25,2020,2020-03-25 07:59:00+00:00,False
2020-03-31,2020,2020-03-31 00:01:00+00:00,False
2020-03-31,2020,2020-03-31 01:02:00+00:00,False
2020-03-31,2020,2020-03-31 09:22:00+00:00,False
2020-04-01,2020,2020-04-01 05:49:00+00:00,False
2020-04-02,2020,2020-04-02 13:14:00+00:00,False
2020-04-06,2020,2020-04-06 00:17:00+00:00,False
2020-04-06,2020,2020-04-06 00:35:00+00:00,False
2020-04-07,2020,2020-04-07 06:58:00+00:00,False
2020-04-09,2020,2020-04-09 13:43:00+00:00,False
2020-04-14,2020,2020-04-14 01:33:00+00:00,False
2020-04-14,2020,2020-04-14 13:34:00+00:00,False
2020-04-21,2020,2020-04-21 02:38:00+00:00,False
2020-04-21,2020,2020-04-21 13:37:00+00:00,False
2020-04-27,2020,2020-04-27 02:06:00+00:00,False
2020-04-27,2020,2020-04-27 04:00:00+00:00,False
2020-04-28,2020,2020-04-28 09:20:00+00:00,False
2020-05-05,2020,2020-05-05 07:30:00+00:00,False
2020-05-07,2020,2020-05-07 09:36:00+00:00,False
2020-05-08,2020,2020-05-08 00:00:00+00:00,False
2020-05-11,2020,2020-05-10 23:33:00+00:00,False
2020-05-13,2020,2020-05-12 23:45:00+00:00,False
2020-05-15,2020,2020-05-15 07:07:00+00:00,False
2020-05-18,2020,2020-05-17 23:04:00+00:00,False
2020-05-20,2020,2020-05-20 13:30:00+00:00,False
2020-05-22,2020,2020-05-22 02:54:00+00:00,False
2020-05-25,2020,2020-05-25 10:50:00+00:00,False
2020-05-26,2020,2020-05-26 03:54:00+00:00,False
2020-06-02,2020,2020-06-02 06:29:00+00:00,False
2020-06-02,2020,2020-06-02 07:31:00+00:00,False
2020-06-02,2020,2020-06-02 08:18:00+00:00,False
2020-06-03,2020,2020-06-03 00:45:00+00:00,False
2020-06-04,2020,2020-06-04 13:50:00+00:00,False
2020-06-10,2020,2020-06-10 01:32:00+00:00,False
2020-06-11,2020,2020-06-11 12:22:00+00:00,False
2020-06-15,2020,2020-06-15 05:36:00+00:00,False
2020-06-15,2020,2020-06-15 06:05:00+00:00,False
2020-06-16,2020,2020-06-16 12:57:00+00:00,False
2020-06-19,2020,2020-06-19 12:36:00+00:00,False
2020-06-19,2020,2020-06-19 13:28:00+00:00,False
2020-06-23,2020,2020-06-23 07:15:00+00:00,False
2020-06-29,2020,2020-06-29 13:41:00+00:00,False
2020-06-30,2020,2020-06-30 05:21:00+00:00,False
2020-07-01,2020,2020-07-01 13:33:00+00:00,False
2020-07-02,2020,2020-07-02 08:27:00+00:00,False
2020-07-02,2020,2020-07-02 12:30:00+00:00,False
2020-07-06,2020,2020-07-06 01:46:00+00:00,False
2020-07-07,2020,2020-07-06 23:33:00+00:00,False
2020-07-13,2020,2020-07-13 11:06:00+00:00,False
2020-07-14,2020,2020-07-14 12:51:00+00:00,False
2020-07-14,2020,2020-07-14 13:52:00+00:00,False
2020-07-16,2020,2020-07-16 09:11:00+00:00,False
2020-07-24,2020,2020-07-24 06:57:00+00:00,False
2020-07-24,2020,2020-07-24 13:37:00+00:00,False
2020-08-03,2020,2020-08-03 13:33:00+00:00,False
2020-08-05,2020,2020-08-05 06:05:00+00:00,False
2020-08-13,2020,2020-08-13 13:31:00+00:00,False
2020-08-18,2020,2020-08-17 23:31:00+00:00,False
2020-08-18,2020,2020-08-18 13:35:00+00:00,False
2020-08-21,2020,2020-08-21 00:00:00+00:00,False
2020-08-24,2020,2020-08-24 08:00:00+00:00,False
2020-08-26,2020,2020-08-26 10:54:00+00:00,False
2020-09-01,2020,2020-09-01 06:16:00+00:00,False
2020-09-01,2020,2020-09-01 07:22:00+00:00,False
2020-09-02,2020,2020-09-02 09:56:00+00:00,False
2020-09-04,2020,2020-09-03 23:06:00+00:00,False
2020-09-08,2020,2020-09-08 10:25:00+00:00,False
2020-09-08,2020,2020-09-08 13:41:00+00:00,False
2020-09-16,2020,2020-09-16 08:08:00+00:00,False
2020-09-17,2020,2020-09-17 12:30:00+00:00,False
2020-09-21,2020,2020-09-21 08:48:00+00:00,False
2020-09-28,2020,2020-09-28 08:10:00+00:00,False
2020-09-28,2020,2020-09-28 10:17:00+00:00,False
2020-09-28,2020,2020-09-28 12:06:00+00:00,False
2020-09-30,2020,2020-09-30 06:10:00+00:00,False
2020-10-01,2020,2020-10-01 09:41:00+00:00,False
2020-10-02,2020,2020-10-02 05:30:00+00:00,False
2020-10-08,2020,2020-10-08 06:42:00+00:00,False
2020-10-09,2020,2020-10-09 03:08:00+00:00,False
2020-10-09,2020,2020-10-09 12:56:00+00:00,False
2020-10-12,2020,2020-10-11 23:46:00+00:00,False
2020-10-12,2020,2020-10-12 01:52:00+00:00,False
2020-10-12,2020,2020-10-12 07:58:00+00:00,False
2020-10-15,2020,2020-10-15 02:50:00+00:00,False
2020-10-28,2020,2020-10-28 13:40:00+00:00,False
2020-10-30,2020,2020-10-30 05:45:00+00:00,False
2020-11-04,2020,2020-11-04 01:52:00+00:00,False
2020-11-04,2020,2020-11-04 03:10:00+00:00,False
2020-11-05,2020,2020-11-05 03:27:00+00:00,False
2020-11-05,2020,2020-11-05 07:26:00+00:00,False
2020-11-09,2020,2020-11-09 00:40:00+00:00,False
2020-11-10,2020,2020-11-10 00:24:00+00:00,False
2020-11-10,2020,2020-11-10 03:38:00+00:00,False
2020-11-12,2020,2020-11-12 09:58:00+00:00,False
2020-11-19,2020,2020-11-19 03:11:00+00:00,False
2020-11-25,2020,2020-11-25 00:10:00+00:00,False
2020-11-26,2020,2020-11-26 01:33:00+00:00,False
2020-12-07,2020,2020-12-07 14:58:00+00:00,False
2020-12-10,2020,2020-12-10 06:44:00+00:00,False
2020-12-14,2020,2020-12-14 14:57:00+00:00,False
2020-12-15,2020,2020-12-15 14:30:00+00:00,False
2020-12-17,2020,2020-12-17 07:21:00+00:00,False
2020-12-17,2020,2020-12-17 08:22:00+00:00,False
2020-12-18,2020,2020-12-18 09:09:00+00:00,False
2020-12-18,2020,2020-12-18 14:18:00+00:00,False
2020-12-21,2020,2020-12-21 10:07:00+00:00,False
2020-12-28,2020,2020-12-28 13:45:00+00:00,False
2020-12-29,2020,2020-12-29 05:37:00+00:00,False
2020-12-29,2020,2020-12-29 14:30:00+00:00,False
2021-01-04,2021,2021-01-04 09:16:00+00:00,False
2021-01-06,2021,2021-01-06 08:21:00+00:00,False
2021-01-08,2021,2021-01-08 01:31:00+00:00,False
2021-01-08,2021,2021-01-08 14:28:00+00:00,False
2021-01-20,2021,2021-01-20 08:43:00+00:00,False
2021-01-20,2021,2021-01-20 13:00:00+00:00,False
2021-01-21,2021,2021-01-21 01:05:00+00:00,False
2021-01-25,2021,2021-01-25 14:34:00+00:00,False
2021-01-27,2021,2021-01-27 14:32:00+00:00,False
2021-01-27,2021,2021-01-27 14:51:00+00:00,False
2021-02-02,2021,2021-02-02 01:23:00+00:00,False
2021-02-02,2021,2021-02-02 09:52:00+00:00,False
2021-02-05,2021,2021-02-05 05:32:00+00:00,False
2021-02-08,2021,2021-02-08 01:23:00+00:00,False
2021-02-10,2021,2021-02-10 07:35:00+00:00,False
2021-02-15,2021,2021-02-15 00:20:00+00:00,False
2021-02-16,2021,2021-02-16 01:21:00+00:00,False
2021-02-17,2021,2021-02-17 00:04:00+00:00,False
2021-02-18,2021,2021-02-18 14:04:00+00:00,False
2021-02-22,2021,2021-02-22 07:06:00+00:00,False
2021-02-22,2021,2021-02-22 07:47:00+00:00,False
2021-02-23,2021,2021-02-23 09:03:00+00:00,False
2021-02-23,2021,2021-02-23 14:50:00+00:00,False
2021-02-24,2021,2021-02-24 12:56:00+00:00,False
2021-03-03,2021,2021-03-03 13:34:00+00:00,False
2021-03-04,2021,2021-03-04 03:58:00+00:00,False
2021-03-05,2021,2021-03-05 01:14:00+00:00,False
2021-03-10,2021,2021-03-10 13:35:00+00:00,False
2021-03-11,2021,2021-03-11 09:19:00+00:00,False
2021-03-16,2021,2021-03-16 01:16:00+00:00,False
2021-03-16,2021,2021-03-16 06:55:00+00:00,False
2021-03-16,2021,2021-03-16 13:32:00+00:00,False
2021-03-17,2021,2021-03-17 13:39:00+00:00,False
2021-03-19,2021,2021-03-19 06:01:00+00:00,False
2021-03-25,2021,2021-03-25 11:53:00+00:00,False
2021-04-01,2021,2021-04-01 07:24:00+00:00,False
2021-04-01,2021,2021-04-01 13:36:00+00:00,False
2021-04-05,2021,2021-04-05 12:40:00+00:00,False
2021-04-08,2021,2021-04-08 10:27:00+00:00,False
2021-04-08,2021,2021-04-08 13:57:00+00:00,False
2021-04-13,2021,2021-04-13 12:39:00+00:00,False
2021-04-13,2021,2021-04-13 13:48:00+00:00,False
2021-04-21,2021,2021-04-21 02:01:00+00:00,False
2021-04-27,2021,2021-04-27 05:51:00+00:00,False
2021-04-29,2021,2021-04-29 12:44:00+00:00,False
2021-05-04,2021,2021-05-04 00:20:00+00:00,False
2021-05-04,2021,2021-05-04 11:40:00+00:00,False
2021-05-04,2021,2021-05-04 13:33:00+00:00,False
2021-05-04,2021,2021-05-04 13:57:00+00:00,False
2021-05-07,2021,2021-05-07 12:30:00+00:00,False
2021-05-11,2021,2021-05-11 00:54:00+00:00,False
2021-05-13,2021,2021-05-13 08:50:00+00:00,False
2021-05-19,2021,2021-05-19 00:07:00+00:00,False
2021-05-19,2021,2021-05-19 06:35:00+00:00,False
2021-05-19,2021,2021-05-19 08:46:00+00:00,False
2021-05-21,2021,2021-05-21 00:09:00+00:00,False
2021-05-25,2021,2021-05-25 06:14:00+00:00,False
2021-06-03,2021,2021-06-03 10:58:00+00:00,False
2021-06-03,2021,2021-06-03 12:04:00+00:00,False
2021-06-08,2021,2021-06-07 23:24:00+00:00,False
2021-06-08,2021,2021-06-08 01:01:00+00:00,False
2021-06-08,2021,2021-06-08 11:42:00+00:00,False
2021-06-10,2021,2021-06-10 13:46:00+00:00,False
2021-06-14,2021,2021-06-14 10:38:00+00:00,False
2021-06-15,2021,2021-06-15 01:15:00+00:00,False
2021-06-18,2021,2021-06-18 01:45:00+00:00,False
2021-06-23,2021,2021-06-23 00:10:00+00:00,False
2021-07-02,2021,2021-07-02 13:01:00+00:00,False
2021-07-06,2021,2021-07-06 13:32:00+00:00,False
2021-07-07,2021,2021-07-07 07:06:00+00:00,False
2021-07-08,2021,2021-07-08 07:46:00+00:00,False
2021-07-08,2021,2021-07-08 10:15:00+00:00,False
2021-07-12,2021,2021-07-12 12:20:00+00:00,False
2021-07-15,2021,2021-07-15 13:38:00+00:00,False
2021-07-19,2021,2021-07-18 23:34:00+00:00,False
2021-07-19,2021,2021-07-19 11:44:00+00:00,False
2021-07-19,2021,2021-07-19 13:33:00+00:00,False
2021-07-22,2021,2021-07-22 13:42:00+00:00,False
2021-07-23,2021,2021-07-23 09:39:00+00:00,False
2021-07-26,2021,2021-07-25 23:21:00+00:00,False
2021-07-30,2021,2021-07-30 00:47:00+00:00,False
2021-08-12,2021,2021-08-12 13:36:00+00:00,False
2021-08-19,2021,2021-08-19 06:58:00+00:00,False
2021-08-20,2021,2021-08-20 13:46:00+00:00,False
2021-08-23,2021,2021-08-23 05:11:00+00:00,False
2021-08-23,2021,2021-08-23 13:32:00+00:00,False
2021-08-23,2021,2021-08-23 13:46:00+00:00,False
2021-08-24,2021,2021-08-24 06:36:00+00:00,False
2021-08-30,2021,2021-08-30 13:33:00+00:00,False
2021-08-31,2021,2021-08-31 06:14:00+00:00,False
2021-09-13,2021,2021-09-13 05:07:00+00:00,False
2021-09-20,2021,2021-09-20 02:16:00+00:00,False
2021-09-20,2021,2021-09-20 02:48:00+00:00,False
2021-09-20,2021,2021-09-20 06:44:00+00:00,False
2021-09-20,2021,2021-09-20 11:32:00+00:00,False
2021-09-23,2021,2021-09-23 09:08:00+00:00,False
2021-09-27,2021,2021-09-27 01:31:00+00:00,False
2021-09-28,2021,2021-09-28 07:19:00+00:00,False
2021-10-01,2021,2021-10-01 01:08:00+00:00,False
2021-10-07,2021,2021-10-07 00:36:00+00:00,False
2021-10-07,2021,2021-10-07 13:59:00+00:00,False
2021-10-11,2021,2021-10-10 23:39:00+00:00,False
2021-10-14,2021,2021-10-14 12:30:00+00:00,False
2021-10-14,2021,2021-10-14 13:52:00+00:00,False
2021-10-15,2021,2021-10-15 05:58:00+00:00,False
2021-10-26,2021,2021-10-26 00:09:00+00:00,False
2021-11-05,2021,2021-11-05 13:33:00+00:00,False
2021-11-09,2021,2021-11-09 14:58:00+00:00,False
2021-11-10,2021,2021-11-10 14:32:00+00:00,False
2021-11-15,2021,2021-11-15 13:20:00+00:00,False
2021-11-18,2021,2021-11-18 14:47:00+00:00,False
2021-11-19,2021,2021-11-19 01:47:00+00:00,False
2021-11-19,2021,2021-11-19 03:14:00+00:00,False
2021-11-19,2021,2021-11-19 14:56:00+00:00,False
2021-11-23,2021,2021-11-23 02:23:00+00:00,False
2021-11-26,2021,2021-11-26 07:06:00+00:00,False
2021-12-07,2021,2021-12-07 08:25:00+00:00,False
2021-12-07,2021,2021-12-07 14:54:00+00:00,False
2021-12-08,2021,2021-12-08 11:46:00+00:00,False
2021-12-14,2021,2021-12-14 09:40:00+00:00,False
2021-12-14,2021,2021-12-14 14:30:00+00:00,False
2021-12-16,2021,2021-12-16 11:28:00+00:00,False
2021-12-17,2021,2021-12-17 14:42:00+00:00,False
2021-12-20,2021,2021-12-20 09:06:00+00:00,False
2021-12-21,2021,2021-12-21 06:50:00+00:00,False
2021-12-22,2021,2021-12-22 14:45:00+00:00,False
2021-12-23,2021,2021-12-23 10:52:00+00:00,False
2021-12-27,2021,2021-12-27 14:32:00+00:00,False
2021-12-28,2021,2021-12-28 08:28:00+00:00,False
2021-12-28,2021,2021-12-28 09:38:00+00:00,False
2021-12-31,2021,2021-12-31 00:28:00+00:00,False
2022-01-05,2022,2022-01-05 14:32:00+00:00,False
2022-01-10,2022,2022-01-10 12:31:00+00:00,False
2022-01-10,2022,2022-01-10 14:31:00+00:00,False
2022-01-11,2022,2022-01-11 09:16:00+00:00,False
2022-01-18,2022,2022-01-18 08:10:00+00:00,False
2022-01-18,2022,2022-01-18 09:19:00+00:00,False
2022-01-19,2022,2022-01-19 02:47:00+00:00,False
2022-01-24,2022,2022-01-24 10:26:00+00:00,False
2022-02-01,2022,2022-02-01 07:12:00+00:00,False
2022-02-02,2022,2022-02-02 09:44:00+00:00,False
2022-02-04,2022,2022-02-04 13:54:00+00:00,False
2022-02-09,2022,2022-02-09 10:14:00+00:00,False
2022-02-14,2022,2022-02-14 08:29:00+00:00,False
2022-02-15,2022,2022-02-15 09:19:00+00:00,False
2022-02-21,2022,2022-02-21 00:04:00+00:00,False
2022-02-22,2022,2022-02-22 14:53:00+00:00,False
2022-03-01,2022,2022-03-01 07:07:00+00:00,False
2022-03-03,2022,2022-03-03 14:02:00+00:00,False
2022-03-04,2022,2022-03-04 00:23:00+00:00,False
2022-03-04,2022,2022-03-04 00:55:00+00:00,False
2022-03-11,2022,2022-03-11 11:26:00+00:00,False
2022-03-15,2022,2022-03-15 07:13:00+00:00,False
2022-03-16,2022,2022-03-16 05:47:00+00:00,False
2022-03-21,2022,2022-03-21 13:41:00+00:00,False
2022-03-29,2022,2022-03-29 09:07:00+00:00,False
2022-04-01,2022,2022-04-01 13:50:00+00:00,False
2022-04-06,2022,2022-04-06 10:40:00+00:00,False
2022-04-06,2022,2022-04-06 13:44:00+00:00,False
2022-04-11,2022,2022-04-11 00:00:00+00:00,False
2022-04-11,2022,2022-04-11 01:55:00+00:00,False
2022-04-11,2022,2022-04-11 13:33:00+00:00,False
2022-04-14,2022,2022-04-14 04:30:00+00:00,False
2022-04-18,2022,2022-04-17 23:46:00+00:00,False
2022-04-20,2022,2022-04-20 11:55:00+00:00,False
2022-05-06,2022,2022-05-06 13:35:00+00:00,False
2022-05-09,2022,2022-05-09 08:31:00+00:00,False
2022-05-10,2022,2022-05-10 00:16:00+00:00,False
2022-05-11,2022,2022-05-11 12:55:00+00:00,False
2022-05-12,2022,2022-05-12 07:22:00+00:00,False
2022-05-13,2022,2022-05-13 13:54:00+00:00,False
2022-05-19,2022,2022-05-19 07:33:00+00:00,False
2022-05-26,2022,2022-05-26 13:43:00+00:00,False
2022-05-27,2022,2022-05-27 09:51:00+00:00,False
2022-05-30,2022,2022-05-29 23:14:00+00:00,False
2022-05-30,2022,2022-05-30 04:38:00+00:00,False
2022-05-31,2022,2022-05-31 13:34:00+00:00,False
2022-06-07,2022,2022-06-07 01:26:00+00:00,False
2022-06-07,2022,2022-06-07 12:31:00+00:00,False
2022-06-08,2022,2022-06-08 13:49:00+00:00,False
2022-06-10,2022,2022-06-10 12:30:00+00:00,False
2022-06-13,2022,2022-06-13 01:23:00+00:00,False
2022-06-13,2022,2022-06-13 08:18:00+00:00,False
2022-06-16,2022,2022-06-16 13:54:00+00:00,False
2022-06-21,2022,2022-06-21 07:31:00+00:00,False
2022-06-24,2022,2022-06-24 02:40:00+00:00,False
2022-06-27,2022,2022-06-27 07:34:00+00:00,False
2022-06-29,2022,2022-06-29 13:45:00+00:00,False
2022-07-05,2022,2022-07-04 23:06:00+00:00,False
2022-07-12,2022,2022-07-12 06:01:00+00:00,False
2022-07-13,2022,2022-07-13 12:30:00+00:00,False
2022-07-15,2022,2022-07-15 12:48:00+00:00,False
2022-07-18,2022,2022-07-18 07:37:00+00:00,False
2022-07-20,2022,2022-07-20 02:36:00+00:00,False
2022-07-21,2022,2022-07-21 12:43:00+00:00,False
2022-07-26,2022,2022-07-26 13:45:00+00:00,False
2022-08-03,2022,2022-08-03 13:56:00+00:00,False
2022-08-04,2022,2022-08-04 10:04:00+00:00,False
2022-08-09,2022,2022-08-09 13:31:00+00:00,False
2022-08-10,2022,2022-08-10 12:30:00+00:00,False
2022-08-11,2022,2022-08-11 00:27:00+00:00,False
2022-08-11,2022,2022-08-11 12:30:00+00:00,False
2022-08-15,2022,2022-08-15 13:54:00+00:00,False
2022-08-19,2022,2022-08-19 10:43:00+00:00,False
2022-08-19,2022,2022-08-19 13:50:00+00:00,False
2022-08-22,2022,2022-08-22 07:26:00+00:00,False
2022-08-23,2022,2022-08-23 06:21:00+00:00,False
2022-08-26,2022,2022-08-26 13:03:00+00:00,False
2022-09-02,2022,2022-09-02 12:38:00+00:00,False
2022-09-09,2022,2022-09-09 04:48:00+00:00,False
2022-09-09,2022,2022-09-09 07:27:00+00:00,False
2022-09-12,2022,2022-09-12 00:00:00+00:00,False
2022-09-12,2022,2022-09-12 08:42:00+00:00,False
2022-09-13,2022,2022-09-13 12:30:00+00:00,False
2022-09-13,2022,2022-09-13 12:38:00+00:00,False
2022-09-16,2022,2022-09-16 12:57:00+00:00,False
2022-09-20,2022,2022-09-19 23:51:00+00:00,False
2022-09-23,2022,2022-09-23 10:46:00+00:00,False
2022-09-28,2022,2022-09-28 02:12:00+00:00,False
2022-10-03,2022,2022-10-02 23:52:00+00:00,False
2022-10-04,2022,2022-10-04 00:17:00+00:00,False
2022-10-04,2022,2022-10-04 06:46:00+00:00,False
2022-10-07,2022,2022-10-07 12:51:00+00:00,False
2022-10-07,2022,2022-10-07 13:44:00+00:00,False
2022-10-11,2022,2022-10-11 13:56:00+00:00,False
2022-10-13,2022,2022-10-13 12:30:00+00:00,False
2022-10-14,2022,2022-10-14 02:31:00+00:00,False
2022-10-18,2022,2022-10-18 03:42:00+00:00,False
2022-10-18,2022,2022-10-18 04:18:00+00:00,False
2022-10-25,2022,2022-10-25 13:31:00+00:00,False
2022-10-25,2022,2022-10-25 13:54:00+00:00,False
2022-10-27,2022,2022-10-27 13:51:00+00:00,False
2022-11-03,2022,2022-11-03 10:18:00+00:00,False
2022-11-03,2022,2022-11-03 13:44:00+00:00,False
2022-11-10,2022,2022-11-10 13:30:00+00:00,False
2022-11-10,2022,2022-11-10 13:45:00+00:00,False
2022-11-11,2022,2022-11-11 05:48:00+00:00,False
2022-11-15,2022,2022-11-15 12:27:00+00:00,False
2022-11-17,2022,2022-11-17 13:08:00+00:00,False
2022-11-18,2022,2022-11-18 10:40:00+00:00,False
2022-11-22,2022,2022-11-22 08:32:00+00:00,False
2022-11-23,2022,2022-11-23 12:40:00+00:00,False
2022-11-23,2022,2022-11-23 14:54:00+00:00,False
2022-11-25,2022,2022-11-25 14:31:00+00:00,False
2022-11-28,2022,2022-11-28 10:02:00+00:00,False
2022-11-29,2022,2022-11-29 14:45:00+00:00,False
2022-12-02,2022,2022-12-02 13:31:00+00:00,False
2022-12-06,2022,2022-12-06 14:44:00+00:00,False
2022-12-07,2022,2022-12-07 11:44:00+00:00,False
2022-12-07,2022,2022-12-07 12:21:00+00:00,False
2022-12-09,2022,2022-12-09 13:30:00+00:00,False
2022-12-13,2022,2022-12-13 08:01:00+00:00,False
2022-12-13,2022,2022-12-13 13:26:00+00:00,False
2022-12-13,2022,2022-12-13 13:30:00+00:00,False
2022-12-16,2022,2022-12-16 08:14:00+00:00,False
2022-12-20,2022,2022-12-20 03:11:00+00:00,False
2023-01-06,2023,2023-01-06 09:35:00+00:00,False
2023-01-09,2023,2023-01-09 14:30:00+00:00,False
2023-01-12,2023,2023-01-12 13:18:00+00:00,False
2023-01-16,2023,2023-01-16 01:58:00+00:00,False
2023-01-18,2023,2023-01-18 13:30:00+00:00,False
2023-01-19,2023,2023-01-19 10:26:00+00:00,False
2023-01-23,2023,2023-01-23 14:51:00+00:00,False
2023-01-25,2023,2023-01-25 14:30:00+00:00,False
2023-01-26,2023,2023-01-26 14:32:00+00:00,False
2023-01-31,2023,2023-01-31 10:34:00+00:00,False
2023-02-06,2023,2023-02-06 09:53:00+00:00,False
2023-02-10,2023,2023-02-10 09:56:00+00:00,False
2023-02-14,2023,2023-02-14 13:29:00+00:00,False
2023-02-17,2023,2023-02-17 07:02:00+00:00,False
2023-02-17,2023,2023-02-17 08:36:00+00:00,False
2023-02-21,2023,2023-02-21 08:46:00+00:00,False
2023-02-24,2023,2023-02-24 13:39:00+00:00,False
2023-03-02,2023,2023-03-02 01:39:00+00:00,False
2023-03-06,2023,2023-03-06 02:37:00+00:00,False
2023-03-13,2023,2023-03-13 06:12:00+00:00,False
2023-03-14,2023,2023-03-14 13:16:00+00:00,False
2023-03-15,2023,2023-03-15 02:08:00+00:00,False
2023-03-16,2023,2023-03-16 00:29:00+00:00,False
2023-03-21,2023,2023-03-21 13:32:00+00:00,False
2023-03-28,2023,2023-03-28 13:33:00+00:00,False
2023-03-30,2023,2023-03-30 09:27:00+00:00,False
2023-03-30,2023,2023-03-30 12:11:00+00:00,False
2023-04-06,2023,2023-04-06 13:34:00+00:00,False
2023-04-11,2023,2023-04-11 09:02:00+00:00,False
2023-04-20,2023,2023-04-20 08:37:00+00:00,False
2023-04-21,2023,2023-04-21 10:50:00+00:00,False
2023-05-01,2023,2023-05-01 02:55:00+00:00,False
2023-05-01,2023,2023-05-01 06:42:00+00:00,False
2023-05-04,2023,2023-05-04 13:44:00+00:00,False
2023-05-10,2023,2023-05-10 13:32:00+00:00,False
2023-05-11,2023,2023-05-11 07:46:00+00:00,False
2023-05-24,2023,2023-05-24 07:03:00+00:00,False
2023-05-25,2023,2023-05-25 13:06:00+00:00,False
2023-05-26,2023,2023-05-26 11:26:00+00:00,False
2023-05-30,2023,2023-05-30 09:20:00+00:00,False
2023-06-02,2023,2023-06-02 09:14:00+00:00,False
2023-06-12,2023,2023-06-12 00:00:00+00:00,False
2023-06-20,2023,2023-06-20 05:20:00+00:00,False
2023-06-22,2023,2023-06-22 06:13:00+00:00,False
2023-06-30,2023,2023-06-30 12:38:00+00:00,False
2023-06-30,2023,2023-06-30 13:43:00+00:00,False
2023-07-03,2023,2023-07-03 08:11:00+00:00,False
2023-07-06,2023,2023-07-06 12:30:00+00:00,False
2023-07-12,2023,2023-07-12 12:30:00+00:00,False
2023-07-12,2023,2023-07-12 13:48:00+00:00,False
2023-07-13,2023,2023-07-13 04:13:00+00:00,False
2023-07-27,2023,2023-07-27 07:49:00+00:00,False
2023-07-27,2023,2023-07-27 13:45:00+00:00,False
2023-08-02,2023,2023-08-02 06:53:00+00:00,False
2023-08-02,2023,2023-08-02 08:02:00+00:00,False
2023-08-03,2023,2023-08-03 07:31:00+00:00,False
2023-08-11,2023,2023-08-11 12:31:00+00:00,False
2023-08-17,2023,2023-08-17 00:19:00+00:00,False
2023-08-21,2023,2023-08-21 08:24:00+00:00,False
2023-08-22,2023,2023-08-22 07:44:00+00:00,False
2023-08-31,2023,2023-08-31 12:16:00+00:00,False
2023-08-31,2023,2023-08-31 13:45:00+00:00,False
2023-09-01,2023,2023-09-01 12:32:00+00:00,False
2023-09-05,2023,2023-09-05 08:12:00+00:00,False
2023-09-07,2023,2023-09-07 12:14:00+00:00,False
2023-09-08,2023,2023-09-08 13:50:00+00:00,False
2023-09-11,2023,2023-09-11 00:00:00+00:00,False
2023-09-11,2023,2023-09-11 13:33:00+00:00,False
2023-09-13,2023,2023-09-13 12:30:00+00:00,False
2023-09-19,2023,2023-09-19 13:50:00+00:00,False
2023-09-21,2023,2023-09-21 00:07:00+00:00,False
2023-09-21,2023,2023-09-21 10:01:00+00:00,False
2023-09-25,2023,2023-09-25 08:44:00+00:00,False
2023-09-29,2023,2023-09-29 12:30:00+00:00,False
2023-09-29,2023,2023-09-29 13:48:00+00:00,False
2023-10-04,2023,2023-10-04 06:18:00+00:00,False
2023-10-12,2023,2023-10-12 00:06:00+00:00,False
2023-10-19,2023,2023-10-19 07:46:00+00:00,False
2023-10-20,2023,2023-10-20 06:21:00+00:00,False
2023-10-23,2023,2023-10-23 07:43:00+00:00,False
2023-10-23,2023,2023-10-23 09:05:00+00:00,False
2023-10-23,2023,2023-10-23 09:48:00+00:00,False
2023-10-26,2023,2023-10-25 23:21:00+00:00,False
2023-11-02,2023,2023-11-02 12:30:00+00:00,False
2023-11-03,2023,2023-11-03 13:31:00+00:00,False
2023-11-07,2023,2023-11-07 14:17:00+00:00,False
2023-11-14,2023,2023-11-14 13:30:00+00:00,False
2023-11-15,2023,2023-11-15 13:25:00+00:00,False
2023-11-20,2023,2023-11-20 14:58:00+00:00,False
2023-11-22,2023,2023-11-22 14:36:00+00:00,False
2023-11-27,2023,2023-11-27 02:04:00+00:00,False
2023-11-29,2023,2023-11-29 09:23:00+00:00,False
2023-11-30,2023,2023-11-30 14:42:00+00:00,False
2023-12-04,2023,2023-12-04 14:24:00+00:00,False
2023-12-06,2023,2023-12-06 14:00:00+00:00,False
2023-12-11,2023,2023-12-11 00:00:00+00:00,False
2023-12-12,2023,2023-12-12 00:21:00+00:00,False
2023-12-19,2023,2023-12-19 12:17:00+00:00,False
2023-12-28,2023,2023-12-28 01:09:00+00:00,False
2024-01-02,2024,2024-01-02 11:27:00+00:00,False
2024-01-02,2024,2024-01-02 14:56:00+00:00,False
2024-01-03,2024,2024-01-03 12:35:00+00:00,False
2024-01-04,2024,2024-01-04 13:21:00+00:00,False
2024-01-05,2024,2024-01-05 05:20:00+00:00,False
2024-01-11,2024,2024-01-11 01:07:00+00:00,False
2024-01-11,2024,2024-01-11 08:26:00+00:00,False
2024-01-16,2024,2024-01-16 08:03:00+00:00,False
2024-01-17,2024,2024-01-17 14:48:00+00:00,False
2024-01-18,2024,2024-01-18 12:37:00+00:00,False
2024-01-19,2024,2024-01-19 02:48:00+00:00,False
2024-01-19,2024,2024-01-19 08:59:00+00:00,False
2024-01-19,2024,2024-01-19 10:51:00+00:00,False
2024-01-24,2024,2024-01-24 06:52:00+00:00,False
2024-01-26,2024,2024-01-26 01:00:00+00:00,False
2024-01-31,2024,2024-01-31 09:15:00+00:00,False
2024-01-31,2024,2024-01-31 11:01:00+00:00,False
2024-02-09,2024,2024-02-09 08:02:00+00:00,False
2024-02-13,2024,2024-02-13 08:46:00+00:00,False
2024-02-13,2024,2024-02-13 13:30:00+00:00,False
2024-02-16,2024,2024-02-16 08:18:00+00:00,False
2024-02-20,2024,2024-02-20 02:00:00+00:00,False
2024-02-20,2024,2024-02-20 08:21:00+00:00,False
2024-02-20,2024,2024-02-20 14:40:00+00:00,False
2024-02-22,2024,2024-02-22 14:45:00+00:00,False
2024-02-23,2024,2024-02-23 14:20:00+00:00,False
2024-02-28,2024,2024-02-28 09:41:00+00:00,False
2024-02-29,2024,2024-02-29 08:10:00+00:00,False
2024-03-01,2024,2024-03-01 07:03:00+00:00,False
2024-03-05,2024,2024-03-05 06:31:00+00:00,False
2024-03-15,2024,2024-03-15 13:45:00+00:00,False
2024-03-18,2024,2024-03-18 13:46:00+00:00,False
2024-03-19,2024,2024-03-19 11:37:00+00:00,False
2024-03-20,2024,2024-03-20 11:29:00+00:00,False
2024-03-21,2024,2024-03-20 23:07:00+00:00,False
2024-03-22,2024,2024-03-22 12:17:00+00:00,False
2024-04-02,2024,2024-04-02 12:40:00+00:00,False
2024-04-02,2024,2024-04-02 13:33:00+00:00,False
2024-04-04,2024,2024-04-04 13:00:00+00:00,False
2024-04-10,2024,2024-04-10 12:36:00+00:00,False
2024-04-19,2024,2024-04-19 01:04:00+00:00,False
2024-04-23,2024,2024-04-23 13:56:00+00:00,False
2024-04-24,2024,2024-04-24 01:19:00+00:00,False
2024-04-29,2024,2024-04-29 12:54:00+00:00,False
2024-05-03,2024,2024-05-03 12:30:00+00:00,False
2024-05-03,2024,2024-05-03 13:45:00+00:00,False
2024-05-06,2024,2024-05-06 13:38:00+00:00,False
2024-05-10,2024,2024-05-10 13:35:00+00:00,False
2024-05-15,2024,2024-05-15 12:30:00+00:00,False
2024-05-23,2024,2024-05-23 02:59:00+00:00,False
2024-05-28,2024,2024-05-28 08:14:00+00:00,False
2024-05-29,2024,2024-05-29 13:27:00+00:00,False
2024-05-31,2024,2024-05-31 00:35:00+00:00,False
2024-06-05,2024,2024-06-05 11:40:00+00:00,False
2024-06-05,2024,2024-06-05 13:29:00+00:00,False
2024-06-12,2024,2024-06-11 23:00:00+00:00,False
2024-06-13,2024,2024-06-13 07:14:00+00:00,False
2024-06-17,2024,2024-06-17 00:00:00+00:00,False
2024-06-20,2024,2024-06-20 07:30:00+00:00,False
2024-06-26,2024,2024-06-26 07:24:00+00:00,False
2024-06-28,2024,2024-06-28 12:16:00+00:00,False
2024-07-05,2024,2024-07-05 06:19:00+00:00,False
2024-07-11,2024,2024-07-11 12:30:00+00:00,False
2024-07-17,2024,2024-07-17 07:06:00+00:00,False
2024-07-17,2024,2024-07-17 11:34:00+00:00,False
2024-07-17,2024,2024-07-17 13:29:00+00:00,False
2024-07-19,2024,2024-07-19 07:44:00+00:00,False
2024-07-24,2024,2024-07-24 04:20:00+00:00,False
2024-07-24,2024,2024-07-24 08:24:00+00:00,False
2024-07-24,2024,2024-07-24 13:34:00+00:00,False
2024-08-01,2024,2024-07-31 23:16:00+00:00,False
2024-08-02,2024,2024-08-02 02:22:00+00:00,False
2024-08-05,2024,2024-08-05 00:52:00+00:00,False
2024-08-06,2024,2024-08-06 00:48:00+00:00,False
2024-08-07,2024,2024-08-07 13:32:00+00:00,False
2024-08-13,2024,2024-08-13 07:06:00+00:00,False
2024-08-15,2024,2024-08-15 13:52:00+00:00,False
2024-08-16,2024,2024-08-16 02:19:00+00:00,False
2024-08-27,2024,2024-08-27 13:38:00+00:00,False
2024-09-03,2024,2024-09-03 13:31:00+00:00,False
2024-09-03,2024,2024-09-03 13:54:00+00:00,False
2024-09-06,2024,2024-09-06 07:14:00+00:00,False
2024-09-11,2024,2024-09-11 13:21:00+00:00,False
2024-09-12,2024,2024-09-12 04:34:00+00:00,False
2024-09-16,2024,2024-09-16 00:00:00+00:00,False
2024-09-17,2024,2024-09-17 11:52:00+00:00,False
2024-09-19,2024,2024-09-19 06:25:00+00:00,False
2024-09-19,2024,2024-09-19 13:12:00+00:00,False
2024-09-26,2024,2024-09-26 00:01:00+00:00,False
2024-09-26,2024,2024-09-26 04:53:00+00:00,False
2024-09-30,2024,2024-09-30 11:38:00+00:00,False
2024-10-04,2024,2024-10-04 12:52:00+00:00,False
2024-10-14,2024,2024-10-14 10:16:00+00:00,False
2024-10-14,2024,2024-10-14 13:01:00+00:00,False
2024-10-14,2024,2024-10-14 13:46:00+00:00,False
2024-10-25,2024,2024-10-25 13:43:00+00:00,False
2024-10-31,2024,2024-10-31 06:48:00+00:00,False
2024-10-31,2024,2024-10-31 13:47:00+00:00,False
2024-11-06,2024,2024-11-06 02:09:00+00:00,False
2024-11-06,2024,2024-11-06 06:37:00+00:00,False
2024-11-07,2024,2024-11-07 13:10:00+00:00,True
2024-11-15,2024,2024-11-15 01:07:00+00:00,True
2024-11-15,2024,2024-11-15 08:24:00+00:00,True
2024-11-20,2024,2024-11-20 08:22:00+00:00,True
2024-11-25,2024,2024-11-25 13:45:00+00:00,True
2024-11-25,2024,2024-11-25 14:16:00+00:00,True
2024-12-02,2024,2024-12-02 13:11:00+00:00,False
2024-12-02,2024,2024-12-02 14:32:00+00:00,False
2024-12-04,2024,2024-12-04 04:56:00+00:00,False
2024-12-04,2024,2024-12-04 10:50:00+00:00,False
2024-12-06,2024,2024-12-06 14:49:00+00:00,False
2024-12-09,2024,2024-12-09 07:36:00+00:00,False
2024-12-13,2024,2024-12-13 14:43:00+00:00,False
2024-12-20,2024,2024-12-20 00:16:00+00:00,False
2024-12-26,2024,2024-12-26 03:23:00+00:00,False
2024-12-27,2024,2024-12-27 14:39:00+00:00,False
2024-12-30,2024,2024-12-30 13:54:00+00:00,False
2025-01-06,2025,2025-01-06 08:47:00+00:00,False
2025-01-06,2025,2025-01-06 10:19:00+00:00,False
2025-01-10,2025,2025-01-10 13:35:00+00:00,False
2025-01-10,2025,2025-01-10 14:48:00+00:00,False
2025-01-13,2025,2025-01-13 08:42:00+00:00,False
2025-01-16,2025,2025-01-16 07:30:00+00:00,False
2025-01-17,2025,2025-01-17 14:12:00+00:00,False
2025-01-20,2025,2025-01-20 14:26:00+00:00,False
2025-01-21,2025,2025-01-21 00:53:00+00:00,False
2025-01-22,2025,2025-01-22 08:47:00+00:00,True
2025-01-22,2025,2025-01-22 14:31:00+00:00,True
2025-01-24,2025,2025-01-24 14:53:00+00:00,True
2025-01-27,2025,2025-01-27 06:37:00+00:00,True
2025-01-27,2025,2025-01-27 10:44:00+00:00,True
2025-01-30,2025,2025-01-30 14:49:00+00:00,True
2025-01-31,2025,2025-01-31 14:31:00+00:00,True
2025-02-12,2025,2025-02-12 13:36:00+00:00,True
2025-02-14,2025,2025-02-14 07:16:00+00:00,True
2025-02-17,2025,2025-02-17 01:36:00+00:00,True
2025-02-18,2025,2025-02-18 07:07:00+00:00,True
2025-02-20,2025,2025-02-20 14:53:00+00:00,True
2025-02-24,2025,2025-02-24 14:53:00+00:00,True
2025-02-25,2025,2025-02-25 07:53:00+00:00,True
2025-02-25,2025,2025-02-25 10:51:00+00:00,True
2025-02-25,2025,2025-02-25 14:52:00+00:00,True
2025-03-17,2025,2025-03-17 13:40:00+00:00,True
2025-03-24,2025,2025-03-24 08:09:00+00:00,True
2025-03-24,2025,2025-03-24 12:32:00+00:00,True
2025-03-25,2025,2025-03-25 12:31:00+00:00,True
2025-03-31,2025,2025-03-31 00:20:00+00:00,True
2025-03-31,2025,2025-03-31 11:32:00+00:00,True
2025-03-31,2025,2025-03-31 13:44:00+00:00,True
2025-04-16,2025,2025-04-16 00:13:00+00:00,True
2025-04-21,2025,2025-04-21 13:56:00+00:00,True
2025-04-23,2025,2025-04-23 08:40:00+00:00,True
2025-04-23,2025,2025-04-23 11:05:00+00:00,True
2025-04-30,2025,2025-04-30 13:39:00+00:00,True
2025-05-06,2025,2025-05-06 13:51:00+00:00,True
2025-05-08,2025,2025-05-08 04:41:00+00:00,True
2025-05-12,2025,2025-05-12 01:07:00+00:00,True
2025-05-19,2025,2025-05-19 03:41:00+00:00,True
2025-05-20,2025,2025-05-19 23:32:00+00:00,True
2025-05-22,2025,2025-05-22 12:16:00+00:00,True
2025-05-23,2025,2025-05-23 11:43:00+00:00,False
2025-05-23,2025,2025-05-23 11:49:00+00:00,False
2025-05-28,2025,2025-05-28 10:54:00+00:00,False
2025-05-28,2025,2025-05-28 13:39:00+00:00,False
2025-05-29,2025,2025-05-28 23:00:00+00:00,False
2025-05-30,2025,2025-05-30 12:11:00+00:00,False
2025-06-05,2025,2025-06-05 07:27:00+00:00,False
2025-06-11,2025,2025-06-11 12:30:00+00:00,False
2025-06-12,2025,2025-06-12 08:02:00+00:00,False
2025-06-13,2025,2025-06-13 00:05:00+00:00,False
2025-06-16,2025,2025-06-16 07:07:00+00:00,True
2025-06-16,2025,2025-06-16 13:32:00+00:00,True
2025-06-19,2025,2025-06-19 01:04:00+00:00,True
2025-06-19,2025,2025-06-19 13:05:00+00:00,True
2025-06-20,2025,2025-06-20 12:51:00+00:00,True
2025-06-24,2025,2025-06-23 23:18:00+00:00,False
2025-06-24,2025,2025-06-24 05:45:00+00:00,False
2025-06-24,2025,2025-06-24 07:07:00+00:00,True
2025-06-25,2025,2025-06-25 13:30:00+00:00,True
2025-06-27,2025,2025-06-27 06:11:00+00:00,True
2025-06-27,2025,2025-06-27 11:38:00+00:00,True
2025-07-03,2025,2025-07-03 13:30:00+00:00,True
2025-07-15,2025,2025-07-15 01:50:00+00:00,True
2025-07-15,2025,2025-07-15 10:31:00+00:00,True
2025-07-15,2025,2025-07-15 12:30:00+00:00,True
2025-07-16,2025,2025-07-16 07:07:00+00:00,True
2025-07-18,2025,2025-07-18 13:28:00+00:00,True
2025-07-21,2025,2025-07-21 13:39:00+00:00,True
2025-07-25,2025,2025-07-25 01:43:00+00:00,True
2025-07-28,2025,2025-07-28 05:53:00+00:00,True
2025-07-29,2025,2025-07-29 07:46:00+00:00,True
2025-07-29,2025,2025-07-29 13:31:00+00:00,False
2025-07-31,2025,2025-07-31 07:41:00+00:00,False
2025-08-01,2025,2025-08-01 07:36:00+00:00,False
2025-08-01,2025,2025-08-01 13:32:00+00:00,False
2025-08-05,2025,2025-08-05 12:14:00+00:00,False
2025-08-07,2025,2025-08-07 09:56:00+00:00,False
2025-08-13,2025,2025-08-12 23:49:00+00:00,False
2025-08-13,2025,2025-08-13 12:36:00+00:00,False
2025-08-15,2025,2025-08-15 13:49:00+00:00,False
2025-08-19,2025,2025-08-19 13:47:00+00:00,False
2025-08-20,2025,2025-08-20 13:45:00+00:00,False
2025-08-28,2025,2025-08-28 13:31:00+00:00,False
2025-09-02,2025,2025-09-02 07:42:00+00:00,False
2025-09-02,2025,2025-09-02 07:54:00+00:00,False
2025-09-02,2025,2025-09-02 10:28:00+00:00,False
2025-09-05,2025,2025-09-05 04:25:00+00:00,False
2025-09-05,2025,2025-09-05 12:35:00+00:00,False
2025-09-10,2025,2025-09-10 05:30:00+00:00,False
2025-09-10,2025,2025-09-10 06:22:00+00:00,True
2025-09-10,2025,2025-09-10 12:30:00+00:00,False
2025-09-15,2025,2025-09-15 00:00:00+00:00,False
2025-09-18,2025,2025-09-18 07:55:00+00:00,False
2025-09-18,2025,2025-09-18 12:26:00+00:00,True
2025-09-25,2025,2025-09-25 11:58:00+00:00,False
2025-09-29,2025,2025-09-29 09:28:00+00:00,False
2025-10-02,2025,2025-10-02 00:50:00+00:00,False
2025-10-02,2025,2025-10-02 11:12:00+00:00,False
2025-10-06,2025,2025-10-06 12:10:00+00:00,False
2025-10-09,2025,2025-10-08 23:17:00+00:00,False
2025-10-14,2025,2025-10-14 13:43:00+00:00,False
2025-10-17,2025,2025-10-17 05:43:00+00:00,False
2025-10-20,2025,2025-10-20 13:32:00+00:00,False
2025-10-21,2025,2025-10-21 02:30:00+00:00,False
2025-10-24,2025,2025-10-24 09:37:00+00:00,False
2025-10-27,2025,2025-10-27 03:20:00+00:00,False
2025-10-28,2025,2025-10-28 13:31:00+00:00,False
2025-10-29,2025,2025-10-29 08:03:00+00:00,False
2025-10-30,2025,2025-10-30 13:36:00+00:00,False
2025-11-04,2025,2025-11-04 05:40:00+00:00,False
2025-11-04,2025,2025-11-04 09:51:00+00:00,False
2025-11-05,2025,2025-11-05 01:01:00+00:00,False
2025-11-07,2025,2025-11-07 04:02:00+00:00,False
2025-11-10,2025,2025-11-10 03:02:00+00:00,False
2025-11-13,2025,2025-11-13 14:40:00+00:00,True
2025-11-14,2025,2025-11-14 12:39:00+00:00,True
2025-11-17,2025,2025-11-17 07:23:00+00:00,False
2025-11-18,2025,2025-11-18 14:52:00+00:00,False
2025-11-20,2025,2025-11-20 13:31:00+00:00,False
2025-11-20,2025,2025-11-20 14:56:00+00:00,False
2025-11-24,2025,2025-11-24 14:35:00+00:00,False
2025-11-26,2025,2025-11-26 14:30:00+00:00,False
2025-12-02,2025,2025-12-02 14:39:00+00:00,False
2025-12-11,2025,2025-12-11 03:07:00+00:00,False
2025-12-16,2025,2025-12-16 07:37:00+00:00,False
2025-12-22,2025,2025-12-22 09:40:00+00:00,False
2025-12-22,2025,2025-12-22 14:31:00+00:00,False
2025-12-26,2025,2025-12-26 00:13:00+00:00,False
2025-12-26,2025,2025-12-26 13:40:00+00:00,False
2025-12-31,2025,2025-12-31 01:00:00+00:00,False
2026-01-13,2026,2026-01-13 13:31:00+00:00,False
2026-01-14,2026,2026-01-14 14:59:00+00:00,False
2026-01-19,2026,2026-01-19 03:24:00+00:00,False
2026-01-19,2026,2026-01-19 07:10:00+00:00,False
2026-01-20,2026,2026-01-20 08:31:00+00:00,False
2026-01-27,2026,2026-01-27 02:57:00+00:00,False
2026-01-27,2026,2026-01-27 06:06:00+00:00,False
2026-01-28,2026,2026-01-28 00:35:00+00:00,False
2026-01-28,2026,2026-01-28 06:00:00+00:00,False
2026-01-29,2026,2026-01-29 14:42:00+00:00,False
2026-02-02,2026,2026-02-02 03:14:00+00:00,False
2026-02-09,2026,2026-02-09 00:02:00+00:00,False
2026-02-13,2026,2026-02-13 11:30:00+00:00,False
2026-02-25,2026,2026-02-25 13:55:00+00:00,False
2026-02-25,2026,2026-02-25 14:47:00+00:00,False
2026-02-27,2026,2026-02-27 13:30:00+00:00,False
2026-03-02,2026,2026-03-02 06:48:00+00:00,False
2026-03-03,2026,2026-03-03 09:46:00+00:00,False
2026-03-05,2026,2026-03-05 00:15:00+00:00,False
2026-03-09,2026,2026-03-09 00:23:00+00:00,False
2026-03-10,2026,2026-03-10 08:08:00+00:00,False
2026-03-12,2026,2026-03-12 13:55:00+00:00,False
2026-03-17,2026,2026-03-17 13:46:00+00:00,False
2026-03-18,2026,2026-03-18 05:27:00+00:00,False
2026-03-19,2026,2026-03-19 07:57:00+00:00,False
2026-03-26,2026,2026-03-26 12:35:00+00:00,False
2026-03-31,2026,2026-03-31 00:17:00+00:00,False
2026-04-01,2026,2026-03-31 23:58:00+00:00,False
2026-04-02,2026,2026-04-02 11:28:00+00:00,False
2026-04-06,2026,2026-04-06 02:19:00+00:00,False
2026-04-08,2026,2026-04-07 23:04:00+00:00,False
2026-04-10,2026,2026-04-10 00:59:00+00:00,False
2026-04-14,2026,2026-04-13 23:07:00+00:00,False
2026-04-15,2026,2026-04-14 23:34:00+00:00,False
2026-04-17,2026,2026-04-17 13:07:00+00:00,False
2026-04-24,2026,2026-04-24 11:07:00+00:00,False
2026-04-27,2026,2026-04-27 02:00:00+00:00,False
2026-04-28,2026,2026-04-28 12:23:00+00:00,False
2026-04-30,2026,2026-04-29 23:48:00+00:00,False
2026-05-01,2026,2026-05-01 13:33:00+00:00,False
2026-05-11,2026,2026-05-11 13:32:00+00:00,False
2026-05-14,2026,2026-05-13 23:05:00+00:00,False
2026-05-14,2026,2026-05-14 00:17:00+00:00,False
2026-05-18,2026,2026-05-17 23:40:00+00:00,False
2026-05-19,2026,2026-05-19 13:20:00+00:00,False
2026-05-21,2026,2026-05-21 04:59:00+00:00,False
2026-05-22,2026,2026-05-22 08:18:00+00:00,False
2026-05-25,2026,2026-05-25 03:00:00+00:00,False
2026-05-27,2026,2026-05-27 11:00:00+00:00,False
2026-05-27,2026,2026-05-27 12:22:00+00:00,False
2026-05-29,2026,2026-05-29 13:57:00+00:00,False
2026-06-04,2026,2026-06-04 11:36:00+00:00,False
2026-06-05,2026,2026-06-05 01:13:00+00:00,False
2026-06-05,2026,2026-06-05 13:30:00+00:00,False
2026-06-05,2026,2026-06-05 13:57:00+00:00,False
